3.924854
3.718707
4.263457
6.148733
9.701327
14.939198
21.62022
29.361606
37.768538
46.510119
55.321228
63.959172
72.165672
79.667717
86.217032
91.6434
95.891315
99.018714
101.155195
102.438507
102.961218
102.75338
101.803101
100.09261
97.621081
94.400179
90.431529
85.691069
80.142389
73.780359
66.682813
59.039276
51.137111
43.309285
35.868857
29.059647
23.039135
17.890382
13.64663
10.309434
7.848707
6.187515
5.187185
4.650782
4.35494
4.107891
3.820637
3.568335
3.611084
4.348172
6.206861
9.505509
14.352897
20.6306
28.058653
36.296799
45.019259
53.930643
62.738401
71.126445
78.768919
85.389199
90.829955
95.085012
98.267149
100.529949
101.99164
102.702708
102.664176
101.868029
100.322311
98.044366
95.034959
91.26
86.659136
81.182116
74.837507
67.73114
60.075183
52.161422
44.309591
36.813972
29.908968
23.758735
18.462029
14.062509
10.561012
7.92679
6.099634
4.977647
4.400531
4.152253
4.004626
3.801586
3.553525
3.490367
4.028735
5.647212
8.71777
13.376337
19.499595
26.790704
34.907207
43.545089
52.439885
61.316645
69.854622
77.708663
84.57781
90.276296
94.763906
98.121501
100.489235
102.001687
102.749808
102.778363
102.103513
100.7269
98.634709
95.789649
92.133108
87.607062
82.188926
75.922353
68.930653
61.410652
53.61302
45.815695
38.293505
31.287439
24.982435
19.50248
14.919508
11.260996
8.506578
6.580652
5.353613
4.653921
4.28645
4.061574
3.845951
3.630152
3.580941
4.036749
5.427726
8.144055
12.409061
18.214501
25.342739
33.453268
42.178226
51.175881
60.130173
68.726803
76.649775
83.619417
89.452846
94.102357
97.639131
100.190512
101.87244
102.755451
102.870796
102.235113
100.868322
98.79296
96.017298
92.514081
88.214152
83.03373
76.935328
69.992202
62.41329
54.509302
46.621944
39.057791
32.053083
25.76906
20.303876
15.707926
11.994561
9.142587
7.09165
5.736123
4.924557
4.470631
4.182168
3.914204
3.639956
3.510415
3.859432
5.127052
7.717915
11.857139
17.518442
24.46102
32.343446
40.835546
49.661233
58.56629